 30 
 0 0 0 4.00 4.00 
 -1 96 96 200 96 96 200 96 200 200 96 96 181 228 200 200 200 96 96 181 96 96 228 200 96 200 181 200 96 96
 79 79 96 4.00 4.00 
 96 -1 96 200 96 96 200 96 200 200 96 96 181 228 200 200 200 96 96 181 96 96 228 200 96 200 181 200 96 96
 144 144 192 4.00 4.00 
 96 96 -1 200 96 96 200 96 200 200 96 96 181 228 200 200 200 96 96 181 96 96 228 200 96 200 181 200 96 96
 204 204 392 3.00 3.00 
 72 72 72 -1 72 72 80 72 80 80 72 72 70 110 80 80 80 72 72 70 72 72 110 80 72 80 70 80 72 72
 264 264 464 4.00 4.00 
 96 96 96 200 -1 96 200 96 200 200 96 96 181 228 200 200 200 96 96 181 96 96 228 200 96 200 181 200 96 96
 320 320 560 4.00 4.00 
 96 96 96 200 96 -1 200 96 200 200 96 96 181 228 200 200 200 96 96 181 96 96 228 200 96 200 181 200 96 96
 528 528 760 3.00 3.00 
 72 72 72 80 72 72 -1 72 80 80 72 72 70 110 80 80 80 72 72 70 72 72 110 80 72 80 70 80 72 72
 635 635 832 4.00 4.00 
 96 96 96 200 96 96 200 -1 200 200 96 96 181 228 200 200 200 96 96 181 96 96 228 200 96 200 181 200 96 96
 730 730 1032 3.00 3.00 
 72 72 72 80 72 72 80 72 -1 80 72 72 70 110 80 80 80 72 72 70 72 72 110 80 72 80 70 80 72 72
 766 766 1112 3.00 3.00 
 72 72 72 80 72 72 80 72 80 -1 72 72 70 110 80 80 80 72 72 70 72 72 110 80 72 80 70 80 72 72
 790 790 1184 4.00 4.00 
 96 96 96 200 96 96 200 96 200 200 -1 96 181 228 200 200 200 96 96 181 96 96 228 200 96 200 181 200 96 96
 920 920 1280 4.00 4.00 
 96 96 96 200 96 96 200 96 200 200 96 -1 181 228 200 200 200 96 96 181 96 96 228 200 96 200 181 200 96 96
 1046 1046 1461 2.00 2.00 
 72 72 72 100 72 72 100 72 100 100 72 72 -1 130 100 100 100 72 72 70 72 72 130 100 72 100 70 100 72 72
 1106 1106 1591 1.00 1.00 
 72 72 72 80 72 72 80 72 80 80 72 72 70 -1 80 80 80 72 72 70 72 72 90 80 72 80 70 80 72 72
 1136 1136 1671 3.00 3.00 
 72 72 72 80 72 72 80 72 80 80 72 72 70 110 -1 80 80 72 72 70 72 72 110 80 72 80 70 80 72 72
 1166 1166 1751 3.00 3.00 
 72 72 72 80 72 72 80 72 80 80 72 72 70 110 80 -1 80 72 72 70 72 72 110 80 72 80 70 80 72 72
 1233 1233 1831 3.00 3.00 
 72 72 72 80 72 72 80 72 80 80 72 72 70 110 80 80 -1 72 72 70 72 72 110 80 72 80 70 80 72 72
 1642 1642 1903 4.00 4.00 
 96 96 96 200 96 96 200 96 200 200 96 96 181 228 200 200 200 -1 96 181 96 96 228 200 96 200 181 200 96 96
 1715 1715 1999 4.00 4.00 
 96 96 96 200 96 96 200 96 200 200 96 96 181 228 200 200 200 96 -1 181 96 96 228 200 96 200 181 200 96 96
 1770 1770 2180 2.00 2.00 
 72 72 72 100 72 72 100 72 100 100 72 72 70 130 100 100 100 72 72 -1 72 72 130 100 72 100 70 100 72 72
 2074 2074 2252 4.00 4.00 
 96 96 96 200 96 96 200 96 200 200 96 96 181 228 200 200 200 96 96 181 -1 96 228 200 96 200 181 200 96 96
 2168 2168 2348 4.00 4.00 
 96 96 96 200 96 96 200 96 200 200 96 96 181 228 200 200 200 96 96 181 96 -1 228 200 96 200 181 200 96 96
 2259 2259 2576 1.00 1.00 
 72 72 72 80 72 72 80 72 80 80 72 72 70 90 80 80 80 72 72 70 72 72 -1 80 72 80 70 80 72 72
 2427 2427 2656 3.00 3.00 
 72 72 72 80 72 72 80 72 80 80 72 72 70 110 80 80 80 72 72 70 72 72 110 -1 72 80 70 80 72 72
 2481 2481 2728 4.00 4.00 
 96 96 96 200 96 96 200 96 200 200 96 96 181 228 200 200 200 96 96 181 96 96 228 200 -1 200 181 200 96 96
 2679 2679 2928 3.00 3.00 
 72 72 72 80 72 72 80 72 80 80 72 72 70 110 80 80 80 72 72 70 72 72 110 80 72 -1 70 80 72 72
 2883 2883 2998 2.00 2.00 
 72 72 72 100 72 72 100 72 100 100 72 72 70 130 100 100 100 72 72 70 72 72 130 100 72 100 -1 100 72 72
 2982 2982 3098 3.00 3.00 
 72 72 72 80 72 72 80 72 80 80 72 72 70 110 80 80 80 72 72 70 72 72 110 80 72 80 70 -1 72 72
 3046 3046 3170 4.00 4.00 
 96 96 96 200 96 96 200 96 200 200 96 96 181 228 200 200 200 96 96 181 96 96 228 200 96 200 181 200 -1 96
 3091 3091 3266 4.00 4.00 
 96 96 96 200 96 96 200 96 200 200 96 96 181 228 200 200 200 96 96 181 96 96 228 200 96 200 181 200 96 -1
