 10 
 129 155 559 10.00 10.00 
 -1 3 15 15 15 15 15 15 15 15
 195 258 744 10.00 10.00 
 3 -1 15 15 15 15 15 15 15 15
 89 98 510 30.00 30.00 
 15 15 -1 8 8 8 8 8 8 8
 96 106 521 30.00 30.00 
 15 15 8 -1 8 8 8 8 8 8
 110 123 555 30.00 30.00 
 15 15 8 8 -1 8 8 8 8 8
 120 135 576 30.00 30.00 
 15 15 8 8 8 -1 8 8 8 8
 124 138 577 30.00 30.00 
 15 15 8 8 8 8 -1 8 8 8
 126 140 573 30.00 30.00 
 15 15 8 8 8 8 8 -1 8 8
 135 150 591 30.00 30.00 
 15 15 8 8 8 8 8 8 -1 8
 160 180 657 30.00 30.00 
 15 15 8 8 8 8 8 8 8 -1
